0,0,0,0
0,0,0,210
0.1,0.82512,0.82512,211.17
0.2,3.321,3.321,214.67
0.3,7.5305,7.5305,220.46
0.4,13.499,13.499,228.56
0.5,21.27,21.27,238.99
0.6,30.885,30.885,251.78
0.7,42.384,42.384,266.98
0.8,55.81,55.81,284.62
0.9,71.205,71.205,304.74
1,88.608,88.608,327.38
1.1,108.06,108.06,352.59
1.2,129.6,129.6,380.39
1.3,153.28,153.28,410.85
1.4,179.13,179.13,444.01
1.5,207.21,207.21,479.93
1.6,237.57,237.57,518.65
1.7,270.25,270.25,560.24
1.8,305.31,305.31,604.75
1.9,341.53,341.53,650.62
2,377.59,377.59,696.21
2.1,413.5,413.5,741.51
2.2,449.26,449.26,786.52
2.3,484.87,484.87,831.25
2.4,520.34,520.34,875.7
2.5,555.67,555.67,919.87
2.6,590.85,590.85,963.76
2.7,625.89,625.89,1007.4
2.8,660.79,660.79,1050.7
2.9,695.56,695.56,1093.8
3,730.18,730.18,1136.6
3.1,764.68,764.68,1179.2
3.2,799.03,799.03,1221.5
3.3,833.26,833.26,1263.5
3.4,867.35,867.35,1305.2
3.5,901.32,901.32,1346.7
3.6,935.15,935.15,1388
3.7,968.86,968.86,1429
3.8,1002.4,1002.4,1469.7
3.9,1035.9,1035.9,1510.2
4,1069.2,1069.2,1550.5
4.1,1102.5,1102.5,1590.5
4.2,1135.5,1135.5,1630.3
4.3,1168.5,1168.5,1669.8
4.4,1201.4,1201.4,1709.1
4.5,1234.1,1234.1,1748.1
4.6,1266.7,1266.7,1786.9
4.7,1299.2,1299.2,1825.5
4.8,1331.6,1331.6,1863.8
4.9,1363.9,1363.9,1901.9
5,1396.1,1396.1,1939.8
5.1,1428.1,1428.1,1977.5
5.2,1460.1,1460.1,2014.9
5.3,1491.9,1491.9,2052.1
5.4,1523.6,1523.6,2089.1
5.5,1555.3,1555.3,2125.8
5.6,1586.8,1586.8,2162.3
5.7,1618.2,1618.2,2198.7
5.8,1649.5,1649.5,2234.7
5.9,1680.7,1680.7,2270.6
6,1711.8,1711.8,2306.3
6.1,1742.8,1742.8,2341.7
6.2,1773.7,1773.7,2377
6.3,1804.5,1804.5,2412
6.4,1835.2,1835.2,2446.8
6.5,1865.8,1865.8,2481.4
6.6,1896.3,1896.3,2515.8
6.7,1926.8,1926.8,2550
6.8,1957.1,1957.1,2584
6.9,1987.3,1987.3,2617.8
7,2017.5,2017.5,2651.4
7.1,2047.5,2047.5,2684.8
7.2,2077.5,2077.5,2718
7.3,2107.3,2107.3,2751
7.4,2137.1,2137.1,2783.8
7.5,2166.8,2166.8,2816.3
7.6,2196.4,2196.4,2848.8
7.7,2225.9,2225.9,2881
7.8,2255.3,2255.3,2913
7.9,2284.6,2284.6,2944.8
8,2313.9,2313.9,2976.4
8.1,2343.1,2343.1,3007.9
8.2,2372.2,2372.2,3039.1
8.3,2401.2,2401.2,3070.2
8.4,2430.1,2430.1,3101.1
8.5,2458.9,2458.9,3131.8
8.6,2487.7,2487.7,3162.3
8.7,2516.3,2516.3,3192.6
8.8,2544.9,2544.9,3222.8
8.9,2573.5,2573.5,3252.8
9,2601.9,2601.9,3282.6
9.1,2630.3,2630.3,3312.2
9.2,2658.5,2658.5,3341.6
9.3,2686.7,2686.7,3370.8
9.4,2714.9,2714.9,3399.9
9.5,2742.9,2742.9,3428.8
9.6,2770.9,2770.9,3457.5
9.7,2798.8,2798.8,3486.1
9.8,2826.6,2826.6,3514.5
9.9,2854.4,2854.4,3542.7
10,2882.1,2882.1,3570.7
10.1,2909.7,2909.7,3598.6
10.2,2937.2,2937.2,3626.3
10.3,2964.7,2964.7,3653.8
10.4,2992.1,2992.1,3681.1
10.5,3019.4,3019.4,3708.3
10.6,3046.7,3046.7,3735.3
10.7,3073.9,3073.9,3762.1
10.8,3101,3101,3788.8
10.9,3128,3128,3815.3
11,3155,3155,3841.7
11.1,3181.9,3181.9,3867.9
11.2,3208.7,3208.7,3893.9
11.3,3235.5,3235.5,3919.7
11.4,3262.2,3262.2,3945.4
11.5,3288.9,3288.9,3971
11.6,3315.4,3315.4,3996.3
11.7,3342,3342,4021.5
11.8,3368.4,3368.4,4046.6
11.9,3394.8,3394.8,4071.5
12,3421.1,3421.1,4096.2
12.1,3447.3,3447.3,4120.8
12.2,3473.5,3473.5,4145.2
12.3,3499.6,3499.6,4169.4
12.4,3525.7,3525.7,4193.5
12.5,3551.7,3551.7,4217.5
12.6,3577.6,3577.6,4241.3
12.7,3603.5,3603.5,4264.9
12.8,3629.3,3629.3,4288.4
12.9,3655.1,3655.1,4311.7
13,3680.8,3680.8,4334.9
13.1,3706.4,3706.4,4357.9
13.2,3732,3732,4380.8
13.3,3757.5,3757.5,4403.5
13.4,3782.9,3782.9,4426.1
13.5,3808.3,3808.3,4448.5
13.6,3833.7,3833.7,4470.8
13.7,3859,3859,4492.9
13.8,3884.2,3884.2,4514.9
13.9,3909.3,3909.3,4536.7
14,3934.5,3934.5,4558.4
14.1,3959.5,3959.5,4579.9
14.2,3984.5,3984.5,4601.3
14.3,4009.5,4009.5,4622.6
14.4,4034.3,4034.3,4643.7
14.5,4059.2,4059.2,4664.6
14.6,4084,4084,4685.4
14.7,4108.7,4108.7,4706.1
14.8,4133.4,4133.4,4726.6
14.9,4158,4158,4747
15,4182.6,4182.6,4767.3
15.1,4207.1,4207.1,4787.4
15.2,4231.5,4231.5,4807.3
15.3,4255.9,4255.9,4827.2
15.4,4280.3,4280.3,4846.8
15.5,4304.6,4304.6,4866.4
15.6,4328.9,4328.9,4885.8
15.7,4353.1,4353.1,4905.1
15.8,4377.2,4377.2,4924.2
15.9,4401.4,4401.4,4943.2
16,4425.4,4425.4,4962
16.1,4449.4,4449.4,4980.8
16.2,4473.4,4473.4,4999.3
16.3,4497.3,4497.3,5017.8
16.4,4521.2,4521.2,5036.1
16.5,4545,4545,5054.3
16.6,4568.8,4568.8,5072.3
16.7,4592.5,4592.5,5090.2
16.8,4616.2,4616.2,5108
16.9,4639.8,4639.8,5125.7
17,4663.4,4663.4,5143.2
17.1,4687,4687,5160.6
17.2,4710.5,4710.5,5177.8
17.3,4733.9,4733.9,5194.9
17.4,4757.3,4757.3,5211.9
17.5,4780.7,4780.7,5228.8
17.6,4804,4804,5245.5
17.7,4827.3,4827.3,5262.1
17.8,4850.5,4850.5,5278.6
17.9,4873.7,4873.7,5294.9
18,4896.9,4896.9,5311.2
18.1,4920,4920,5327.2
18.2,4943,4943,5343.2
18.3,4966.1,4966.1,5359
18.4,4989,4989,5374.8
18.5,5012,5012,5390.3
18.6,5034.9,5034.9,5405.8
18.7,5057.7,5057.7,5421.1
18.8,5080.6,5080.6,5436.3
18.9,5103.3,5103.3,5451.4
19,5126.1,5126.1,5466.4
19.1,5148.8,5148.8,5481.2
19.2,5171.4,5171.4,5495.9
19.3,5194.1,5194.1,5510.5
19.4,5216.6,5216.6,5525
19.5,5239.2,5239.2,5539.3
19.6,5261.7,5261.7,5553.5
19.7,5284.2,5284.2,5567.6
19.8,5306.6,5306.6,5581.6
19.9,5329,5329,5595.5
20,5351.4,5351.4,5609.2
20.1,5373.7,5373.7,5622.8
20.2,5396,5396,5636.3
20.3,5418.2,5418.2,5649.7
20.4,5440.5,5440.5,5662.9
20.5,5462.7,5462.7,5676.1
20.6,5484.8,5484.8,5689.1
20.7,5506.9,5506.9,5702
20.8,5529,5529,5714.8
20.9,5551.1,5551.1,5727.5
21,5573.1,5573.1,5740
21.1,5595.1,5595.1,5752.4
21.2,5617,5617,5764.8
21.3,5638.9,5638.9,5777
21.4,5660.8,5660.8,5789.1
21.5,5682.7,5682.7,5801
21.6,5704.5,5704.5,5812.9
21.7,5726.3,5726.3,5824.6
21.8,5748.1,5748.1,5836.2
21.9,5769.8,5769.8,5847.8
22,5791.5,5791.5,5859.2
22.1,5813.1,5813.1,5870.4
22.2,5834.8,5834.8,5881.6
22.3,5856.4,5856.4,5892.7
22.4,5878,5878,5903.6
22.5,5899.5,5899.5,5914.4
22.6,5921,5921,5925.1
22.7,5942.5,5942.5,5935.7
22.8,5964,5964,5946.2
22.9,5985.4,5985.4,5956.6
23,6006.8,6006.8,5966.9
23.1,6028.2,6028.2,5977
23.2,6049.6,6049.6,5987.1
23.3,6070.9,6070.9,5997
23.4,6092.2,6092.2,6006.8
23.5,6113.4,6113.4,6016.6
23.6,6134.7,6134.7,6026.2
23.7,6155.9,6155.9,6035.6
23.8,6177.1,6177.1,6045
23.9,6198.2,6198.2,6054.3
24,6219.3,6219.3,6063.5
24.1,6240.4,6240.4,6072.5
24.2,6261.5,6261.5,6081.4
24.3,6282.6,6282.6,6090.3
24.4,6303.6,6303.6,6099
24.5,6324.6,6324.6,6107.6
24.6,6345.6,6345.6,6116.1
24.7,6366.5,6366.5,6124.5
24.8,6387.4,6387.4,6132.8
24.9,6408.3,6408.3,6141
25,6429.2,6429.2,6149.1
25.1,6450.1,6450.1,6157
25.2,6470.9,6470.9,6164.9
25.3,6491.7,6491.7,6172.7
25.4,6512.5,6512.5,6180.3
25.5,6533.2,6533.2,6187.8
25.6,6553.9,6553.9,6195.3
25.7,6574.6,6574.6,6202.6
25.8,6595.3,6595.3,6209.8
25.9,6616,6616,6216.9
26,6636.6,6636.6,6224
26.1,6657.2,6657.2,6230.9
26.2,6677.8,6677.8,6237.7
26.3,6698.4,6698.4,6244.3
26.4,6719,6719,6250.9
26.5,6739.5,6739.5,6257.4
26.6,6760,6760,6263.8
26.7,6780.5,6780.5,6270.1
26.8,6801,6801,6276.2
26.9,6821.4,6821.4,6282.3
27,6841.8,6841.8,6288.3
27.1,6862.3,6862.3,6294.1
27.2,6882.6,6882.6,6299.9
27.3,6903,6903,6305.5
27.4,6923.4,6923.4,6311.1
27.5,6943.7,6943.7,6316.5
27.6,6964,6964,6321.9
27.7,6984.3,6984.3,6327.1
27.8,7004.6,7004.6,6332.2
27.9,7024.8,7024.8,6337.3
28,7045,7045,6342.2
28.1,7065.3,7065.3,6347
28.2,7085.5,7085.5,6351.8
28.3,7105.6,7105.6,6356.4
28.4,7125.8,7125.8,6360.9
28.5,7145.9,7145.9,6365.3
28.6,7166.1,7166.1,6369.6
28.7,7186.2,7186.2,6373.8
28.8,7206.3,7206.3,6378
28.9,7226.3,7226.3,6382
29,7246.4,7246.4,6385.9
29.1,7266.4,7266.4,6389.7
29.2,7286.4,7286.4,6393.4
29.3,7306.4,7306.4,6397
29.4,7326.4,7326.4,6400.5
29.5,7346.4,7346.4,6403.9
29.6,7366.3,7366.3,6407.2
29.7,7386.3,7386.3,6410.4
29.8,7406.2,7406.2,6413.5
29.9,7426.1,7426.1,6416.5
30,7446,7446,6419.4
30.1,7465.8,7465.8,6422.2
30.2,7485.7,7485.7,6424.9
30.3,7505.5,7505.5,6427.5
30.4,7525.3,7525.3,6430
30.5,7545.1,7545.1,6432.4
30.6,7564.9,7564.9,6434.7
30.7,7584.7,7584.7,6436.9
30.8,7604.4,7604.4,6439
30.9,7624.1,7624.1,6441
31,7643.9,7643.9,6442.9
31.1,7663.6,7663.6,6444.7
31.2,7683.2,7683.2,6446.4
31.3,7702.9,7702.9,6448
31.4,7722.6,7722.6,6449.5
31.5,7742.2,7742.2,6450.9
31.6,7761.8,7761.8,6452.2
31.7,7781.4,7781.4,6453.4
31.8,7801,7801,6454.5
31.9,7820.6,7820.6,6455.5
32,7840.1,7840.1,6456.4
32.1,7859.7,7859.7,6457.2
32.2,7879.2,7879.2,6457.9
32.3,7898.7,7898.7,6458.5
32.4,7918.2,7918.2,6459
32.5,7937.7,7937.7,6459.5
32.6,7957.2,7957.2,6459.8
32.7,7976.6,7976.6,6460
32.8,7996,7996,6460.1
32.9,8015.5,8015.5,6460.1
33,8034.9,8034.9,6460
33.1,8054.3,8054.3,6459.9
33.2,8073.6,8073.6,6459.6
33.3,8093,8093,6459.2
33.4,8112.3,8112.3,6458.8
33.5,8131.7,8131.7,6458.2
33.6,8151,8151,6457.5
33.7,8170.3,8170.3,6456.8
33.8,8189.6,8189.6,6455.9
33.9,8208.8,8208.8,6454.9
34,8228.1,8228.1,6453.9
34.1,8247.3,8247.3,6452.7
34.2,8266.6,8266.6,6451.5
34.3,8285.8,8285.8,6450.1
34.4,8305,8305,6448.7
34.5,8324.2,8324.2,6447.2
34.6,8343.3,8343.3,6445.5
34.7,8362.5,8362.5,6443.8
34.8,8381.6,8381.6,6442
34.9,8400.7,8400.7,6440
35,8419.9,8419.9,6438
35.1,8438.9,8438.9,6435.9
35.2,8458,8458,6433.7
35.3,8477.1,8477.1,6431.4
35.4,8496.2,8496.2,6429
35.5,8515.2,8515.2,6426.5
35.6,8534.2,8534.2,6423.9
35.7,8553.2,8553.2,6421.2
35.8,8572.2,8572.2,6418.4
35.9,8591.2,8591.2,6415.5
36,8610.2,8610.2,6412.5
36.1,8629.1,8629.1,6409.4
36.2,8648.1,8648.1,6406.2
36.3,8667,8667,6403
36.4,8685.9,8685.9,6399.6
36.5,8704.8,8704.8,6396.1
36.6,8723.7,8723.7,6392.6
36.7,8742.6,8742.6,6388.9
36.8,8761.4,8761.4,6385.2
36.9,8780.3,8780.3,6381.3
37,8799.1,8799.1,6377.4
37.1,8817.9,8817.9,6373.3
37.2,8836.7,8836.7,6369.2
37.3,8855.5,8855.5,6365
37.4,8874.3,8874.3,6360.7
37.5,8893,8893,6356.3
37.6,8911.8,8911.8,6351.7
37.7,8930.5,8930.5,6347.1
37.8,8949.2,8949.2,6342.4
37.9,8967.9,8967.9,6337.6
38,8986.6,8986.6,6332.8
38.1,9005.3,9005.3,6327.8
38.2,9023.9,9023.9,6322.7
38.3,9042.6,9042.6,6317.5
38.4,9061.2,9061.2,6312.3
38.5,9079.9,9079.9,6306.9
38.6,9098.5,9098.5,6301.5
38.7,9117.1,9117.1,6295.9
38.8,9135.6,9135.6,6290.3
38.9,9154.2,9154.2,6284.5
39,9172.7,9172.7,6278.7
39.1,9191.3,9191.3,6272.8
39.2,9209.8,9209.8,6266.8
39.3,9228.3,9228.3,6260.7
39.4,9246.8,9246.8,6254.4
39.5,9265.3,9265.3,6248.2
39.6,9283.8,9283.8,6241.8
39.7,9302.2,9302.2,6235.3
39.8,9320.7,9320.7,6228.7
39.9,9339.1,9339.1,6222
40,9357.5,9357.5,6215.3
40.1,9375.9,9375.9,6208.4
40.2,9394.3,9394.3,6201.5
40.3,9412.7,9412.7,6194.4
40.4,9431,9431,6187.3
40.5,9449.4,9449.4,6180.1
40.6,9467.7,9467.7,6172.7
40.7,9486,9486,6165.3
40.8,9504.3,9504.3,6157.8
40.9,9522.6,9522.6,6150.2
41,9540.9,9540.9,6142.5
41.1,9559.2,9559.2,6134.8
41.2,9577.4,9577.4,6126.9
41.3,9595.6,9595.6,6118.9
41.4,9613.9,9613.9,6110.9
41.5,9632.1,9632.1,6102.7
41.6,9650.3,9650.3,6094.5
41.7,9668.4,9668.4,6086.1
41.8,9686.6,9686.6,6077.7
41.9,9704.7,9704.7,6069.2
42,9722.9,9722.9,6060.6
42.1,9741,9741,6051.9
42.2,9759.1,9759.1,6043.1
42.3,9777.2,9777.2,6034.2
42.4,9795.3,9795.3,6025.3
42.5,9813.4,9813.4,6016.2
42.6,9831.4,9831.4,6007
42.7,9849.4,9849.4,5997.8
42.8,9867.5,9867.5,5988.5
42.9,9885.5,9885.5,5979
43,9903.5,9903.5,5969.5
43.1,9921.5,9921.5,5959.9
43.2,9939.4,9939.4,5950.2
43.3,9957.4,9957.4,5940.4
43.4,9975.3,9975.3,5930.5
43.5,9993.2,9993.2,5920.6
43.6,10011,10011,5910.5
43.7,10029,10029,5900.4
43.8,10047,10047,5890.1
43.9,10065,10065,5879.8
44,10083,10083,5869.4
44.1,10100,10100,5858.9
44.2,10118,10118,5848.3
44.3,10136,10136,5837.6
44.4,10154,10154,5826.8
44.5,10172,10172,5815.9
44.6,10189,10189,5805
44.7,10207,10207,5793.9
44.8,10225,10225,5782.8
44.9,10243,10243,5771.6
45,10260,10260,5760.3
45.1,10278,10278,5748.9
45.2,10296,10296,5737.4
45.3,10313,10313,5725.8
45.4,10331,10331,5714.1
45.5,10349,10349,5702.4
45.6,10366,10366,5690.5
45.7,10384,10384,5678.6
45.8,10402,10402,5666.6
45.9,10419,10419,5654.5
46,10437,10437,5642.3
46.1,10454,10454,5630
46.2,10472,10472,5617.6
46.3,10489,10489,5605.2
46.4,10507,10507,5592.6
46.5,10524,10524,5580
46.6,10542,10542,5567.3
46.7,10559,10559,5554.5
46.8,10577,10577,5541.6
46.9,10594,10594,5528.6
47,10611,10611,5515.6
47.1,10629,10629,5502.4
47.2,10646,10646,5489.2
47.3,10664,10664,5475.8
47.4,10681,10681,5462.4
47.5,10698,10698,5448.9
47.6,10716,10716,5435.4
47.7,10733,10733,5421.7
47.8,10750,10750,5407.9
47.9,10767,10767,5394.1
48,10785,10785,5380.2
48.1,10802,10802,5366.2
48.2,10819,10819,5352.1
48.3,10836,10836,5337.9
48.4,10854,10854,5323.6
48.5,10871,10871,5309.3
48.6,10888,10888,5294.8
48.7,10905,10905,5280.3
48.8,10922,10922,5265.7
48.9,10939,10939,5251
49,10956,10956,5236.2
49.1,10973,10973,5221.4
49.2,10991,10991,5206.4
49.3,11008,11008,5191.4
49.4,11025,11025,5176.3
49.5,11042,11042,5161.1
49.6,11059,11059,5145.8
49.7,11076,11076,5130.5
49.8,11093,11093,5115
49.9,11110,11110,5099.5
50,11126,11126,5083.9
50.1,11143,11143,5068.2
50.2,11160,11160,5052.4
50.3,11177,11177,5036.6
50.4,11194,11194,5020.7
50.5,11211,11211,5004.6
50.6,11228,11228,4988.5
50.7,11245,11245,4972.3
50.8,11261,11261,4956.1
50.9,11278,11278,4939.7
51,11295,11295,4923.3
51.1,11312,11312,4906.8
51.2,11328,11328,4890.2
51.3,11345,11345,4873.5
51.4,11362,11362,4856.8
51.5,11378,11378,4839.9
51.6,11395,11395,4823
51.7,11412,11412,4806
51.8,11428,11428,4788.9
51.9,11445,11445,4771.8
52,11462,11462,4754.6
52.1,11478,11478,4737.2
52.2,11495,11495,4719.8
52.3,11511,11511,4702.4
52.4,11528,11528,4684.8
52.5,11544,11544,4667.2
52.6,11561,11561,4649.5
52.7,11577,11577,4631.7
52.8,11594,11594,4613.8
52.9,11610,11610,4595.9
53,11627,11627,4577.8
53.1,11643,11643,4559.7
53.2,11659,11659,4541.5
53.3,11676,11676,4523.3
53.4,11692,11692,4504.9
53.5,11708,11708,4486.5
53.6,11725,11725,4468
53.7,11741,11741,4449.5
53.8,11757,11757,4430.8
53.9,11774,11774,4412.1
54,11790,11790,4393.3
54.1,11806,11806,4374.4
54.2,11822,11822,4355.5
54.3,11838,11838,4336.4
54.4,11854,11854,4317.3
54.5,11871,11871,4298.1
54.6,11887,11887,4278.9
54.7,11903,11903,4259.5
54.8,11919,11919,4240.1
54.9,11935,11935,4220.7
55,11951,11951,4201.1
55.1,11967,11967,4181.5
55.2,11983,11983,4161.8
55.3,11999,11999,4142
55.4,12015,12015,4122.1
55.5,12031,12031,4102.2
55.6,12047,12047,4082.2
55.7,12063,12063,4062.1
55.8,12079,12079,4042
55.9,12095,12095,4021.8
56,12110,12110,4001.5
56.1,12126,12126,3981.1
56.2,12142,12142,3960.7
56.3,12158,12158,3940.2
56.4,12174,12174,3919.6
56.5,12189,12189,3898.9
56.6,12205,12205,3878.2
56.7,12221,12221,3857.4
56.8,12236,12236,3836.5
56.9,12252,12252,3815.6
57,12268,12268,3794.6
57.1,12283,12283,3773.5
57.2,12299,12299,3752.4
57.3,12315,12315,3731.2
57.4,12330,12330,3709.9
57.5,12346,12346,3688.5
57.6,12361,12361,3667.1
57.7,12377,12377,3645.6
57.8,12392,12392,3624.1
57.9,12408,12408,3602.5
58,12423,12423,3580.8
58.1,12438,12438,3559
58.2,12454,12454,3537.2
58.3,12469,12469,3515.3
58.4,12485,12485,3493.3
58.5,12500,12500,3471.3
58.6,12515,12515,3449.2
58.7,12530,12530,3427.1
58.8,12546,12546,3404.8
58.9,12561,12561,3382.5
59,12576,12576,3360.2
59.1,12591,12591,3337.8
59.2,12606,12606,3315.3
59.3,12622,12622,3292.7
59.4,12637,12637,3270.1
59.5,12652,12652,3247.5
59.6,12667,12667,3224.7
59.7,12682,12682,3201.9
59.8,12697,12697,3179
59.9,12712,12712,3156.1
60,12727,12727,3133.1
60.1,12742,12742,3110.1
60.2,12757,12757,3087
60.3,12772,12772,3063.8
60.4,12787,12787,3040.5
60.5,12801,12801,3017.2
60.6,12816,12816,2993.9
60.7,12831,12831,2970.5
60.8,12846,12846,2947
60.9,12861,12861,2923.4
61,12875,12875,2899.8
61.1,12890,12890,2876.2
61.2,12905,12905,2852.5
61.3,12920,12920,2828.7
61.4,12934,12934,2804.8
61.5,12949,12949,2780.9
61.6,12963,12963,2757
61.7,12978,12978,2733
61.8,12993,12993,2708.9
61.9,13007,13007,2684.8
62,13022,13022,2660.6
62.1,13036,13036,2636.4
62.2,13050,13050,2612.1
62.3,13065,13065,2587.7
62.4,13079,13079,2563.3
62.5,13094,13094,2538.8
62.6,13108,13108,2514.3
62.7,13122,13122,2489.7
62.8,13137,13137,2465.1
62.9,13151,13151,2440.4
63,13165,13165,2415.7
63.1,13179,13179,2390.9
63.2,13194,13194,2366
63.3,13208,13208,2341.1
63.4,13222,13222,2316.2
63.5,13236,13236,2291.2
63.6,13250,13250,2266.1
63.7,13264,13264,2241
63.8,13278,13278,2215.8
63.9,13292,13292,2190.6
64,13306,13306,2165.3
64.1,13320,13320,2140
64.2,13334,13334,2114.6
64.3,13348,13348,2089.2
64.4,13362,13362,2063.7
64.5,13376,13376,2038.2
64.6,13390,13390,2012.7
64.7,13403,13403,1987
64.8,13417,13417,1961.4
64.9,13431,13431,1935.6
65,13445,13445,1909.9
65.1,13458,13458,1884
65.2,13472,13472,1858.2
65.3,13486,13486,1832.3
65.4,13499,13499,1806.3
65.5,13513,13513,1780.3
65.6,13527,13527,1754.2
65.7,13540,13540,1728.1
65.8,13554,13554,1702
65.9,13567,13567,1675.8
66,13581,13581,1649.5
66.1,13594,13594,1623.3
66.2,13608,13608,1596.9
66.3,13621,13621,1570.5
66.4,13634,13634,1544.1
66.5,13648,13648,1517.7
66.6,13661,13661,1491.1
66.7,13674,13674,1464.6
66.8,13687,13687,1438
66.9,13701,13701,1411.3
67,13714,13714,1384.6
67.1,13727,13727,1357.9
67.2,13740,13740,1331.1
67.3,13753,13753,1304.3
67.4,13766,13766,1277.5
67.5,13779,13779,1250.6
67.6,13793,13793,1223.6
67.7,13806,13806,1196.6
67.8,13818,13818,1169.6
67.9,13831,13831,1142.5
68,13844,13844,1115.4
68.1,13857,13857,1088.3
68.2,13870,13870,1061.1
68.3,13883,13883,1033.9
68.4,13896,13896,1006.6
68.5,13909,13909,979.29
68.6,13921,13921,951.95
68.7,13934,13934,924.56
68.8,13947,13947,897.14
68.9,13959,13959,869.67
69,13972,13972,842.17
69.1,13985,13985,814.63
69.2,13997,13997,787.06
69.3,14010,14010,759.44
69.4,14022,14022,731.79
69.5,14035,14035,704.1
69.6,14047,14047,676.38
69.7,14060,14060,648.61
69.8,14072,14072,620.82
69.9,14085,14085,592.98
70,14097,14097,565.11
70.1,14109,14109,537.21
70.2,14122,14122,509.27
70.3,14134,14134,481.29
70.4,14146,14146,453.28
70.5,14159,14159,425.24
70.6,14171,14171,397.16
70.7,14183,14183,369.05
70.8,14195,14195,340.91
70.9,14207,14207,312.73
71,14219,14219,284.52
71.1,14231,14231,256.27
71.228,14247,14247,220.21
